{
  "robot_poses": [
    [
      [
        -0.9340281347695673,
        0.17433547853982215,
        -0.31176687505438244,
        0.121368294646004
      ],
      [
        -0.20488863613306565,
        -0.9764326482971183,
        0.0678227846892827,
        0.5074745067928285
      ],
      [
        -0.29259543783595793,
        0.12722587889956896,
        0.9477349236446952,
        0.5398693431960726
      ],
      [
        0.0,
        0.0,
        0.0,
        1.0
      ]
    ],
    [
      [
        -0.9793856001896861,
        0.1950881459900942,
        -0.05238760764948482,
        -0.046865219638951995
      ],
      [
        -0.18736068370848044,
        -0.9742578964620658,
        -0.1253695552420994,
        0.5286719138061338
      ],
      [
        -0.07549715452505096,
        -0.1129697591192384,
        0.990726003082165,
        0.5450282137087583
      ],
      [
        0.0,
        0.0,
        0.0,
        1.0
      ]
    ],
    [
      [
        -0.8574469640204029,
        0.4494417726754766,
        0.2505729372189253,
        -0.33735867204989384
      ],
      [
        -0.4747829489190205,
        -0.5032486036642106,
        -0.7220263113805349,
        0.5089371276018309
      ],
      [
        -0.19840830453373917,
        -0.7380670266881916,
        0.644896277557639,
        0.4860419542817246
      ],
      [
        0.0,
        0.0,
        0.0,
        1.0
      ]
    ],
    [
      [
        -0.7401181038701646,
        0.4712990025550169,
        0.47968994414546406,
        -0.40338066978280046
      ],
      [
        -0.619011804320338,
        -0.1987334945155913,
        -0.7598219424771182,
        0.5512660834294042
      ],
      [
        -0.2627728647248643,
        -0.8592917131849158,
        0.43882590308232783,
        0.3836806959905781
      ],
      [
        0.0,
        0.0,
        0.0,
        1.0
      ]
    ],
    [
      [
        -0.9758356265180704,
        0.17325096159357134,
        0.13315004440475536,
        -0.050484253769194694
      ],
      [
        -0.20927500921089737,
        -0.9162886621313089,
        -0.3414953267167727,
        0.5935050590226598
      ],
      [
        0.06283948231696596,
        -0.36110828286889146,
        0.9304042172656014,
        0.4855603140171717
      ],
      [
        0.0,
        0.0,
        0.0,
        1.0
      ]
    ],
    [
      [
        -0.9336233492381523,
        0.12697236614229884,
        -0.3350006865568516,
        0.16145148909741627
      ],
      [
        -0.21463285105683383,
        -0.9469363753178789,
        0.23925768607727738,
        0.5818738724061969
      ],
      [
        -0.2868452213381825,
        0.2952787146681318,
        0.9113343511902671,
        0.4466885793596173
      ],
      [
        0.0,
        0.0,
        0.0,
        1.0
      ]
    ],
    [
      [
        -0.8471852042133684,
        0.19081610775836902,
        -0.4958492137554527,
        0.24341989568325673
      ],
      [
        -0.4596866771253162,
        -0.7312041590064376,
        0.5040125362777937,
        0.5556313122851791
      ],
      [
        -0.26639329690410657,
        0.6549272408990449,
        0.7071809672869633,
        0.4170311833344788
      ],
      [
        0.0,
        0.0,
        0.0,
        1.0
      ]
    ],
    [
      [
        -0.8204544388340145,
        0.5634116783614533,
        -0.09706592854082821,
        0.3203416731275948
      ],
      [
        -0.3445451288084656,
        -0.35178686037667684,
        0.8703646701703135,
        0.49311943442401984
      ],
      [
        0.45622710135624434,
        0.7475381498975494,
        0.4827458404127666,
        0.5712831540232397
      ],
      [
        0.0,
        0.0,
        0.0,
        1.0
      ]
    ],
    [
      [
        -0.7942011066942263,
        0.41624541138691246,
        -0.44270120806815777,
        0.18337676709755074
      ],
      [
        -0.562005988505306,
        -0.7802005837590572,
        0.2746567275458591,
        0.4346719916520654
      ],
      [
        -0.23107113841810728,
        0.466933407030774,
        0.8535685809522241,
        0.638577357931477
      ],
      [
        0.0,
        0.0,
        0.0,
        1.0
      ]
    ],
    [
      [
        -0.9258467763686866,
        0.2750878209188229,
        -0.2591031406020502,
        0.029415806368015766
      ],
      [
        -0.2590031055094445,
        -0.961193019786384,
        -0.09500194761370119,
        0.4386008487206419
      ],
      [
        -0.27518200890351774,
        -0.02084872888371081,
        0.961166058743107,
        0.6272123983321839
      ],
      [
        0.0,
        0.0,
        0.0,
        1.0
      ]
    ]
  ],
  "camera_poses": [
    [
      [
        0.9267783059257508,
        -0.1745628677562991,
        0.33258048178762983,
        -0.048605352168059626
      ],
      [
        0.08758862421178015,
        0.9614722870977457,
        0.2605748914452763,
        -0.15928081879305706
      ],
      [
        -0.36525361678439644,
        -0.21236488962097005,
        0.9063613788562431,
        0.6520323390426372
      ],
      [
        0.0,
        0.0,
        0.0,
        1.0
      ]
    ],
    [
      [
        0.9930388113171434,
        0.053329543837771866,
        0.10502323062965602,
        -0.09123902666797577
      ],
      [
        -0.07651257697493691,
        0.9699584237661655,
        0.2309252730424065,
        -0.12140131464807705
      ],
      [
        -0.08955302776840715,
        -0.23735335666282625,
        0.967286740991729,
        0.5959989770668219
      ],
      [
        0.0,
        0.0,
        0.0,
        1.0
      ]
    ],
    [
      [
        0.6928943956845374,
        0.6982990597199651,
        0.1796546120286713,
        -0.05447691554630609
      ],
      [
        -0.6683031167877201,
        0.5284267559544351,
        0.5235800871722402,
        0.012110605671160403
      ],
      [
        0.2706811787339093,
        -0.48284944525771656,
        0.8328193757913758,
        0.6094913805203704
      ],
      [
        0.0,
        0.0,
        0.0,
        1.0
      ]
    ],
    [
      [
        0.49524332999498333,
        0.8361597406077386,
        0.2357348771019674,
        -0.06935112956801154
      ],
      [
        -0.7073309637971255,
        0.23054933964993338,
        0.6682289350520594,
        0.07266260255129815
      ],
      [
        0.5043976127513985,
        -0.49767850081531484,
        0.7056196979088035,
        0.5355576545478682
      ],
      [
        0.0,
        0.0,
        0.0,
        1.0
      ]
    ],
    [
      [
        0.9528653266360054,
        0.302104476794338,
        -0.027938403599312142,
        -0.21380884528774682
      ],
      [
        -0.2870927677970248,
        0.927616528021485,
        0.2389671936061709,
        -0.027536938782153544
      ],
      [
        0.09810918394066044,
        -0.2196826393736767,
        0.9706256363729081,
        0.4917304682010718
      ],
      [
        0.0,
        0.0,
        0.0,
        1.0
      ]
    ],
    [
      [
        0.87992566368009,
        -0.33718394715279043,
        0.3347204985948986,
        -0.06643830930243655
      ],
      [
        0.250827184722612,
        0.9280129485929569,
        0.2754590543945407,
        -0.15597541007388868
      ],
      [
        -0.40350532809528306,
        -0.15842649092329875,
        0.9011573098923672,
        0.5560737542209457
      ],
      [
        0.0,
        0.0,
        0.0,
        1.0
      ]
    ],
    [
      [
        0.6609864747150109,
        -0.6856583945695363,
        0.3049089145960615,
        0.046556729707754374
      ],
      [
        0.48335416053679436,
        0.6998375666313216,
        0.5259240780030149,
        -0.14361006439210539
      ],
      [
        -0.5739909718241158,
        -0.20024970983219081,
        0.7939990037629331,
        0.6123723857109202
      ],
      [
        0.0,
        0.0,
        0.0,
        1.0
      ]
    ],
    [
      [
        0.45641449301603365,
        -0.792552482309338,
        -0.4044086712104764,
        -0.16664693229261218
      ],
      [
        0.8592621915428988,
        0.2746171151636536,
        0.4315714613410936,
        -0.2355484135736697
      ],
      [
        -0.2309854903447647,
        -0.5444685508314496,
        0.806349614252831,
        0.752282255344878
      ],
      [
        0.0,
        0.0,
        0.0,
        1.0
      ]
    ],
    [
      [
        0.818342552253748,
        -0.5095689540407452,
        0.2658099852312604,
        0.0787805967122109
      ],
      [
        0.2678743965353522,
        0.7473613196592791,
        0.6080249711631602,
        0.03462316746733799
      ],
      [
        -0.508486749927314,
        -0.42636901734877725,
        0.7480980458425188,
        0.8381126367206935
      ],
      [
        0.0,
        0.0,
        0.0,
        1.0
      ]
    ],
    [
      [
        0.9528226760944131,
        -0.031817951264277076,
        0.30185520684199785,
        -0.004616308850266894
      ],
      [
        -0.06535104994865337,
        0.9496614089408314,
        0.30638611038871133,
        -0.12958883698586676
      ],
      [
        -0.29640881935409724,
        -0.3116581883183227,
        0.9027795885282581,
        0.7450416258603615
      ],
      [
        0.0,
        0.0,
        0.0,
        1.0
      ]
    ]
  ],
  "calibration_images": [
    "./hand_eye_calibration_data/pose_1_20250630_205419_427.jpg",
    "./hand_eye_calibration_data/pose_2_20250630_205439_970.jpg",
    "./hand_eye_calibration_data/pose_3_20250630_205507_903.jpg",
    "./hand_eye_calibration_data/pose_4_20250630_205523_028.jpg",
    "./hand_eye_calibration_data/pose_5_20250630_205545_460.jpg",
    "./hand_eye_calibration_data/pose_6_20250630_205604_180.jpg",
    "./hand_eye_calibration_data/pose_7_20250630_205621_720.jpg",
    "./hand_eye_calibration_data/pose_8_20250630_205650_158.jpg",
    "./hand_eye_calibration_data/pose_9_20250630_205708_184.jpg",
    "./hand_eye_calibration_data/pose_10_20250630_205725_302.jpg"
  ]
}