calibration_date: '2025-06-18T15:32:44.814231'
camera_matrix:
- - 683.571883163833
  - 0.0
  - 644.6379007628186
- - 0.0
  - 686.2741516512167
  - 392.0289176794341
- - 0.0
  - 0.0
  - 1.0
chessboard_size:
- 9
- 6
distortion_coefficients:
- - -0.011820749535636822
  - -0.02395479573671027
  - 0.011969206651817632
  - 0.0022468565505153605
  - 0.010816260992613496
image_size:
- 1280
- 720
mean_reprojection_error: 0.16649770211778842
num_images: 20
rms_error: 1.2655590578543203
square_size: 0.025
