calibration_date: '2025-06-17T13:36:33.151230'
camera_matrix:
- - 704.823361314758
  - 0.0
  - 647.5841232816099
- - 0.0
  - 702.9662785662717
  - 350.0264085986732
- - 0.0
  - 0.0
  - 1.0
chessboard_size:
- 9
- 6
distortion_coefficients:
- - 0.025503207217136063
  - -0.08246018929352883
  - -0.004472130430170877
  - 0.002720454021012669
  - 0.05263310310100894
image_size:
- 1280
- 720
mean_reprojection_error: 0.0889445124476986
num_images: 21
rms_error: 0.8245836290244448
square_size: 0.025
